{"cells":[{"cell_type":"code","execution_count":22,"metadata":{},"outputs":[],"source":["import numpy as np\n","import json_tricks"]},{"cell_type":"code","execution_count":23,"metadata":{},"outputs":[],"source":["### YOUR CODE HERE ###"]},{"cell_type":"code","execution_count":24,"metadata":{},"outputs":[{"data":{"text/plain":["'{\"task1\": {\"canonical\": {\"det(A - lI)\": [1, -6, 8], \"Lambda\": {\"__ndarray__\": [[4, 0], [0, 2]], \"dtype\": \"int64\", \"shape\": [2, 2], \"Corder\": true}, \"Q\": {\"__ndarray__\": [[0.7071067811865475, 0.7071067811865475], [0.7071067811865475, -0.7071067811865475]], \"dtype\": \"float64\", \"shape\": [2, 2], \"Corder\": true}, \"C\": {\"__ndarray__\": [[[0.7071067811865475, 0.7071067811865475], [0.7071067811865475, -0.7071067811865475]]], \"dtype\": \"float64\", \"shape\": [1, 2, 2], \"Corder\": true}, \"d\": {\"__ndarray__\": [4, 2], \"dtype\": \"int64\", \"shape\": [2]}}, \"LDL\": {\"D\": {\"__ndarray__\": [[[3.0, 0.0], [0.0, 2.6666666666666665]]], \"dtype\": \"float64\", \"shape\": [1, 2, 2], \"Corder\": true}, \"L\": {\"__ndarray__\": [[1.0, 0.0], [0.3333333333333333, 1.0]], \"dtype\": \"float64\", \"shape\": [2, 2], \"Corder\": true}, \"C\": {\"__ndarray__\": [[[1.0, 0.3333333333333333], [0.0, 1.0]]], \"dtype\": \"float64\", \"shape\": [1, 2, 2], \"Corder\": true}, \"d\": {\"__ndarray__\": [[3.0, 2.6666666666666665]], \"dtype\": \"float64\", \"shape\": [1, 2], \"Corder\": true}, \"definitiness\": \"+\"}, \"dets\": {\"1x1\": [1.5], \"2x2\": [9, -1], \"definiteness\": \"+\"}}, \"task2\": {\"canonical\": {\"det(A - lI)\": [1, 15, 58], \"Lambda\": {\"__ndarray__\": [[-10, 0], [0, -5]], \"dtype\": \"int64\", \"shape\": [2, 2], \"Corder\": true}, \"Q\": {\"__ndarray__\": [[0.4472135954999579, 0.8944271909999159], [0.8944271909999159, -0.4472135954999579]], \"dtype\": \"float64\", \"shape\": [2, 2], \"Corder\": true}, \"C\": {\"__ndarray__\": [[[0.4472135954999579, 0.8944271909999159], [0.8944271909999159, -0.4472135954999579]]], \"dtype\": \"float64\", \"shape\": [1, 2, 2], \"Corder\": true}, \"d\": {\"__ndarray__\": [-10, -5], \"dtype\": \"int64\", \"shape\": [2]}}, \"LDL\": {\"D\": {\"__ndarray__\": [[[[-6.0, 0.0], [0.0, -8.333333333333334]]]], \"dtype\": \"float64\", \"shape\": [1, 1, 2, 2], \"Corder\": true}, \"L\": {\"__ndarray__\": [[1.0, 0.0], [0.3333333333333333, 1.0]], \"dtype\": \"float64\", \"shape\": [2, 2], \"Corder\": true}, \"C\": {\"__ndarray__\": [[[[1.0, 0.3333333333333333], [0.0, 1.0]]]], \"dtype\": \"float64\", \"shape\": [1, 1, 2, 2], \"Corder\": true}, \"d\": {\"__ndarray__\": [[[-6.0, -8.333333333333334]]], \"dtype\": \"float64\", \"shape\": [1, 1, 2], \"Corder\": true}, \"definitiness\": \"-\"}, \"dets\": {\"1x1\": [[-6]], \"2x2\": [[54, 4]], \"definiteness\": \"+\"}}, \"task3\": {\"canonical\": {\"det(A - lI)\": [[-1, 6, -9, 4]], \"Lambda\": {\"__ndarray__\": [[4, 0, 0], [0, 1, 0], [0, 0, 1]], \"dtype\": \"int64\", \"shape\": [3, 3], \"Corder\": true}, \"Q\": {\"__ndarray__\": [[0.5773502691896258, 0.8164965809277261, 0.0], [0.5773502691896258, -0.4082482904638631, 0.7071067811865475], [0.5773502691896258, -0.4082482904638631, -0.7071067811865475]], \"dtype\": \"float64\", \"shape\": [3, 3], \"Corder\": true}, \"C\": {\"__ndarray__\": [[[[0.5773502691896258, 0.5773502691896258, 0.5773502691896258], [0.8164965809277261, -0.4082482904638631, -0.4082482904638631], [0.0, 0.7071067811865475, -0.7071067811865475]]]], \"dtype\": \"float64\", \"shape\": [1, 1, 3, 3], \"Corder\": true}, \"d\": {\"__ndarray__\": [4, 1, 1], \"dtype\": \"int64\", \"shape\": [3]}}, \"LDL\": {\"D\": {\"__ndarray__\": [[[2.0, 0.0, 0.0], [0.0, 1.5, 0.0], [0.0, 0.0, 1.3333333333333333]]], \"dtype\": \"float64\", \"shape\": [1, 3, 3], \"Corder\": true}, \"L\": {\"__ndarray__\": [[1.0, 0.0, 0.0], [0.5, 1.0, 0.0], [0.5, 0.3333333333333333, 1.0]], \"dtype\": \"float64\", \"shape\": [3, 3], \"Corder\": true}, \"C\": {\"__ndarray__\": [[[1.0, 0.5, 0.5], [0.0, 1.0, 0.3333333333333333], [0.0, 0.0, 1.0]]], \"dtype\": \"float64\", \"shape\": [1, 3, 3], \"Corder\": true}, \"d\": {\"__ndarray__\": [[2.0, 1.5, 1.3333333333333333]], \"dtype\": \"float64\", \"shape\": [1, 3], \"Corder\": true}, \"definitiness\": \"+\"}, \"dets\": {\"1x1\": [2], \"2x2\": [4, -1], \"3x3\": [8, 1, 1, -2, -2, -2], \"definiteness\": \"+\"}}}'"]},"execution_count":24,"metadata":{},"output_type":"execute_result"}],"source":["\n","answer = {\n","    'task1': {\n","        'canonical': {\n","            'det(A - lI)': [\n","                1, -6, 8\n","            ],\n","            'Lambda': np.array(\n","                [[4, 0], [0, 2]]\n","            ),\n","            'Q': np.array(\n","                [[0.7071067811865475, 0.7071067811865475],\n","                 [0.7071067811865475, -0.7071067811865475]]\n","            ),\n","            'C': np.array([\n","                [[0.7071067811865475, 0.7071067811865475],\n","                 [0.7071067811865475, -0.7071067811865475]]\n","            ]),\n","            'd': np.array(\n","                [4, 2]\n","            ),\n","            'definiteness':\n","              \"+\"\n","        },\n","        'LDL': {\n","            'D': np.array([\n","                [[3.0, 0.0], [0.0, 2.6666666666666665]]\n","            ]),\n","            'L': np.array(\n","                [[1.0, 0.0], [0.3333333333333333, 1.0]]\n","            ),\n","            'C': np.array([\n","                [[1.0, 0.3333333333333333], [0.0, 1.0]]\n","            ]),\n","            'd': np.array([\n","                [3.0, 2.6666666666666665]\n","            ]),\n","            'definitiness': str(\n","                \"+\"\n","            )\n","        },\n","        'dets':{\n","            '1x1': [\n","                1.5\n","            ],\n","            '2x2': [\n","                9, -1\n","            ],\n","            'definiteness': str(\n","                \"+\"\n","            )\n","        }\n","    },\n","    'task2': {\n","        'canonical': {\n","            'det(A - lI)': [\n","                1, 15, 58\n","            ],\n","            'Lambda': np.array(\n","                [[-10, 0], [0, -5]]\n","            ),\n","            'Q': np.array(\n","                [[0.4472135954999579, 0.8944271909999159],\n","                 [0.8944271909999159, -0.4472135954999579]]\n","            ),\n","            'C': np.array([\n","                [[0.4472135954999579, 0.8944271909999159],\n","                 [0.8944271909999159, -0.4472135954999579]]\n","            ]),\n","            'd': np.array(\n","                [-10, -5]\n","            ),\n","            'definiteness':\n","              \"-\"\n","        },\n","        'LDL': {\n","            'D': np.array([\n","                [[-6.0, 0.0], [0.0, -8.333333333333334]]\n","            ]),\n","            'L': np.array(\n","                [[1.0, 0.0], [0.3333333333333333, 1.0]]\n","            ),\n","            'C': np.array([\n","                [[1.0, 0.3333333333333333], [0.0, 1.0]]\n","            ]),\n","            'd': np.array([\n","                [-6.0, -8.333333333333334]\n","            ]),\n","            'definitiness': str(\n","                \"-\"\n","            )\n","        },\n","        'dets':{\n","            '1x1': [\n","                -6\n","            ],\n","            '2x2': [\n","                54, 4\n","            ],\n","            'definiteness': str(\n","                \"-\"\n","            )\n","        }\n","    },\n","    'task3': {\n","        'canonical': {\n","            'det(A - lI)': [\n","                -1, 6, -9, 4\n","            ],\n","            'Lambda': np.array(\n","                [[4, 0, 0], [0, 1, 0], [0, 0, 1]]\n","            ),\n","            'Q': np.array(\n","                [[0.5773502691896258, 0.8164965809277261, 0.0],\n","                 [0.5773502691896258, -0.4082482904638631, 0.7071067811865475],\n","                 [0.5773502691896258, -0.4082482904638631, -0.7071067811865475]]\n","            ),\n","            'C': np.array([\n","                [[0.5773502691896258, 0.5773502691896258, 0.5773502691896258],\n","                 [0.8164965809277261, -0.4082482904638631, -0.4082482904638631],\n","                 [0.0, 0.7071067811865475, -0.7071067811865475]]\n","            ]),\n","            'd': np.array(\n","                [4, 1, 1]\n","            ),\n","            'definiteness':\n","              \"+\"\n","        },\n","        'LDL': {\n","            'D': np.array([\n","               [[2.0, 0.0, 0.0],\n","                [0.0, 1.5, 0.0], \n","                [0.0, 0.0, 1.3333333333333333]]\n","            ]),\n","            'L': np.array(\n","                [[1.0, 0.0, 0.0], [0.5, 1.0, 0.0], [0.5, 0.3333333333333333, 1.0]]\n","            ),\n","            'C': np.array([\n","                [[1.0, 0.5, 0.5], [0.0, 1.0, 0.3333333333333333], [0.0, 0.0, 1.0]]\n","            ]),\n","            'd': np.array([\n","                [2.0, 1.5, 1.3333333333333333]\n","            ]),\n","            'definitiness': str(\n","                \"+\"\n","            )\n","        },\n","        'dets':{\n","            '1x1': [\n","                2\n","            ],\n","            '2x2': [\n","                4, -1\n","            ],\n","            '3x3': [\n","                8, 1, 1, -2, -2, -2\n","            ],\n","            'definiteness': str(\n","                \"+\"\n","            )\n","        }\n","    },\n","}\n","\n","json_tricks.dump(answer, '.answer.json')"]}],"metadata":{"kernelspec":{"display_name":"Python 3","language":"python","name":"python3"},"language_info":{"codemirror_mode":{"name":"ipython","version":3},"file_extension":".py","mimetype":"text/x-python","name":"python","nbconvert_exporter":"python","pygments_lexer":"ipython3","version":"3.11.10"}},"nbformat":4,"nbformat_minor":2}
